49494956	1
86715302	3
86222005	2
35769806	3
35330207	3
86265302	3
35918907	3
86923102	3
86898002	3
35328607	3
35499107	3
35314607	3
86418403	3
35495407	1
86516802	3
35356208	3
86799202	3
86692802	3
86447602	3
35755505	3
35775308	1
35583908	3
86752702	3
86395303	3
86173503	3
86480503	3
35921307	3
86617703	3
86526602	3
86140203	3
26150344	3
35858507	3
86034803	3
86453702	3
86554002	3
86254703	3
35334207	3
86919902	3
44665656	2
86382703	3
86889702	3
86084403	2
86540115	3
86212403	3
35868800	3
35456008	3
86672102	3
86029403	3
86356303	3
86430499	3
86609202	3
86502802	2
35437706	3
35717202	2
86291103	3
86201803	3
86967102	3
86860702	3
86128503	3
86529703	3
86790902	3
86775002	3
35916507	3
86904302	3
86416203	3
86791402	3
86107603	3
86216574	1
86482703	3
86280703	3
86580002	3
86402203	3
86424603	3
86617103	3
86810002	3
86848802	3
86353903	3
86411803	3
86005103	2
86711102	3
35293308	3
86755402	3
86308103	3
86201703	3
86843602	3
86007903	3
86617202	3
35775207	3
35261108	3
35531508	3
86536802	3
86313902	3
86574403	2
86572402	3
35660408	3
86214303	3
86740302	3
86034303	3
35924906	3
35218907	3
86516402	3
86413403	3
86144303	3
86552222	3
86757502	3
35539608	3
86291703	3
35722407	3
86293103	1
35947708	3
86693703	3
86757802	3
86523203	3
35308407	3
86880602	3
86590603	3
86073003	3
86111003	3
86132203	3
86617003	3
35180406	3
35358307	3
35204807	3
86576402	3
86263479	1
35669508	3
35862407	3
86121078	3
35523004	2
86345254	3
86193403	3
35859207	3
35575707	3
86993804	2
35812707	3
35919107	3
86451402	3
86256503	3
35510006	3
86389403	3
35584208	3
35326807	3
86698402	1
86258725	3
86297303	3
35931006	3
35856707	3
86940902	3
35530107	3
86250803	3
86829902	3
86264403	3
86877002	3
86770602	3
35530808	3
86652203	3
86567503	3
86957302	3
86651003	3
86130903	3
86237303	3
86430202	3
86121324	1
35577707	3
86239503	3
86600103	3
86114103	3
35947008	3
86556786	3
35775407	3
86747202	3
35884405	3
86508603	3
86191303	3
86456213	3
35382308	3
86489002	3
86803802	3
35202507	3
88283703	3
35905706	3
86545444	3
35209006	3
86203502	3
86477802	3
86558302	3
86293703	3
86390503	3
86662002	3
86351103	3
86844400	3
86944007	3
86558703	3
86751602	3
86952702	3
86483303	3
35503230	3
35575708	3
35437606	3
35437906	3
86642501	2
35377107	3
35670908	3
86613202	2
35796105	1
35869507	3
35328008	3
99000285	3
35881207	3
35833108	1
86439402	3
35953903	3
86518224	3
86412903	3
86632802	3
86739202	3
86439903	3
86540701	3
86514325	1
86935302	2
35495207	3
86824402	3
35162407	3
86730402	3
86537503	3
86995302	3
86417803	3
86452404	3
35671108	3
86441103	3
86606802	3
86069302	3
86379303	3
86920002	3
86727103	3
86994564	3
86940202	3
86635403	3
38572907	3
35860907	3
86581402	3
35246107	3
86738902	3
86950602	3
86955802	3
86434102	3
86237202	3
86633302	1
86609003	3
86862016	3
86902187	3
86532503	3
35688106	3
86644602	3
86175203	3
35616007	3
35698856	3
86736802	3
86734802	3
86461403	3
86635103	3
35596606	1
86289903	3
86781201	3
86481902	3
35922706	3
35670508	3
86044203	3
86750202	3
86778202	3
35919707	1
86671802	3
86508103	3
86955502	3
86572203	3
35881107	3
35425705	3
35818206	3
35812106	3
35531608	3
35535708	3
86196202	3
35530606	3
86434103	3
86647904	3
35569007	3
86399803	3
86002177	3
86333203	3
86391203	3
86436203	3
86186003	3
86391836	3
86604802	3
86500203	3
86858302	3
35851106	3
86115103	1
86963602	3
35670208	3
86364503	3
86802602	3
86819002	3
86487303	3
35821707	3
86410303	3
86465702	3
86268803	3
86205103	3
86611803	3
86858802	3
86874602	3
86873602	3
86429403	3
86067002	3
35208507	3
86986802	3
86192303	3
35419407	3
35946208	3
86764102	3
86188803	3
86073803	3
86159403	3
86623903	3
35543107	3
35569207	3
86870300	3
35408208	3
86160303	3
86669703	3
86851202	3
35662807	3
86330003	2
86690302	3
86220303	3
86184703	3
86597201	3
35866406	1
35329007	3
86294903	3
35531708	1
35840708	3
35947108	3
35863807	3
86746602	3
35994807	3
86278403	3
86984402	3
86191806	3
35312207	3
86384503	3
35533208	3
86676902	3
86221703	3
86328103	3
86242603	3
35920207	3
35948208	3
35542007	3
35349108	3
86236303	3
35921707	3
86780202	3
35456790	3
86532300	3
99999999	3
86665202	3
35715608	3
35772108	3
86461303	3
35381708	3
35994207	3
86657002	3
86106413	1
86482403	3
86928802	3
86017903	3
35541507	3
86220003	3
86748902	3
35830707	3
35522808	3
86548976	3
86738302	2
86369703	3
86646902	3
35879208	3
86713102	3
35600107	3
86142603	1
86405502	3
86247103	3
86984651	2
35381308	3
86629603	3
35498507	3
35535508	3
86861478	3
86080003	2
35773205	3
88284403	2
35925106	3
35539808	3
35326007	3
86326203	3
86284403	3
86317000	3
86230403	3
86368503	3
35167307	3
86623202	3
35272207	3
86292213	3
86296303	3
86245703	3
86571402	3
86648903	3
63459354	3
35660608	3
88767486	3
80120101	3
86185103	3
86891102	3
86591803	3
86224503	3
35669908	3
35862807	3
86253403	3
86297503	3
35931206	3
35333607	3
86196203	3
86998823	3
86010503	3
86360403	3
86130403	3
35895808	3
86174203	3
86580903	3
86215503	3
35928606	3
35540207	3
86698503	3
86556102	3
86732402	3
86026403	3
86372603	3
35300307	2
86479003	3
86765202	3
86310003	3
84856600	3
86566602	1
86659802	2
35342508	3
86627303	3
86114203	3
86504403	3
86397861	3
86278303	3
86208603	3
35262106	3
35857007	3
86574703	3
86874002	3
35572508	3
86379802	3
35851107	3
86229003	3
86935002	3
86313602	3
86493702	3
86109303	3
86377403	3
35960108	3
36879587	3
35538007	3
86293203	3
35947808	3
86297302	3
35162307	3
86539303	3
86026203	3
86432903	3
86266003	3
86664102	3
86555303	3
86927002	3
86972202	3
86329003	1
35583808	3
35534608	3
86706402	3
86416266	3
86730802	1
86669702	3
86711002	3
35207006	3
86215954	3
35542507	3
86524986	3
35495107	3
86564654	2
86333102	3
86146803	3
35206906	3
86570403	3
86360103	3
35301807	3
86848602	3
86105010	3
35598105	3
86756702	3
35538807	3
35466605	3
35862707	3
35669808	3
86431503	3
35920707	3
86297203	3
35439806	3
86917622	3
35631906	3
86077803	3
86783802	3
86955456	3
35918807	3
86955601	2
35577207	3
86844702	1
86331602	3
86925202	3
86112803	3
86976512	3
86441603	3
35843607	3
35156406	3
86239103	3
86379703	3
35301408	3
86272302	3
86034703	3
35381108	3
86424237	2
86655802	3
86955101	3
35203207	3
86355003	3
86468001	3
35333007	3
86478703	3
86778002	3
35765707	2
35915607	3
35539407	3
86437007	3
35575207	3
86905640	3
35300207	3
86743202	1
35531908	3
86390403	3
35831207	3
86683702	3
35611406	3
86299003	3
86424103	3
35224206	3
86560803	3
86669403	3
35569107	3
35927606	2
86999902	3
35538107	3
86667302	3
35916807	3
86618403	3
84086200	1
86086303	1
86234103	3
86940102	3
86700703	3
35883606	3
86414702	3
86057303	3
86452554	3
35539207	3
86473902	3
35208707	3
86798202	3
86958702	3
86420703	3
86245603	3
86416303	3
86963501	3
86444602	3
86268703	3
86461602	3
86588002	3
86288703	3
86984104	3
86511003	3
86429603	3
35626589	3
86700141	3
86155403	3
35553305	3
86025703	3
35857107	3
86979202	3
35380508	3
86110603	3
35180005	3
86210903	3
86350103	3
86519902	3
99000264	3
86139903	3
86167203	3
86695102	3
35567707	3
35851807	3
86693603	3
86264503	3
35922507	3
86481703	3
86075003	3
86797902	3
86769502	3
35898207	3
35598908	3
86416302	3
35331807	3
86724602	3
86018603	3
86696002	3
86503403	3
86230503	3
35700007	3
86459502	2
35836806	3
86208403	3
86914402	3
35561508	3
86112404	3
86886102	3
86373002	3
86073703	3
35467108	2
86800902	3
35582708	3
35882007	3
86211003	3
35331507	3
86347003	3
86469702	3
86191201	3
86172503	3
86305612	2
86407103	3
85698202	3
35497007	3
86044003	1
81369528	3
35443006	3
86691703	3
86991002	3
86285003	3
35538606	3
86598203	3
86682201	1
86222703	3
86329103	3
86563203	3
86805302	3
86603603	3
86819102	3
86658102	3
35831106	3
35195208	3
35438206	3
86323403	3
86408003	3
35580308	3
35719605	1
35896706	3
86200703	3
86360003	3
35232507	3
35382408	3
86042202	3
35550107	3
86954502	3
86420603	3
86241402	1
86048503	3
35578207	3
86099902	1
86303203	3
35154307	3
86617302	3
86154503	3
86603202	3
86117103	3
86980302	3
86246003	3
86652703	3
35539507	3
86330501	3
86928402	2
86309503	3
35263607	3
86636903	3
86360402	3
35801206	3
86236902	3
86333103	1
86492303	3
35948906	3
86409603	3
35858807	3
86983602	3
86277603	3
86423303	2
86820402	3
86353103	3
35478708	3
86644403	3
86243603	2
35499907	3
35884305	3
86504503	3
35287606	3
86617803	3
86304803	3
21212154	3
35915507	3
86977302	3
35959907	3
81612120	3
86390603	3
86318103	3
86559402	3
86615000	3
86186803	3
86892802	3
35775107	3
86705302	3
86325303	3
86100503	3
35284607	3
35489806	3
86306903	3
86409302	3
35540408	3
35671208	3
86314203	3
35472205	3
86802402	3
86620161	3
35671308	3
86276514	3
86202403	3
35530007	3
42325063	3
86692703	3
86286003	3
86429003	3
35326607	3
35560207	3
13579024	3
86311603	3
35233008	3
99000621	3
86714003	3
86275203	3
86321803	3
86428203	3
86600602	3
86407703	3
35207506	3
35512451	2
86576102	3
86982802	3
86276803	3
35204507	3
86215203	3
86572403	3
86556702	3
86224902	3
89860888	3
86496002	3
35925806	3
35219807	3
86823500	3
35714607	3
86749002	3
86599303	3
86792202	3
86492903	3
86575502	3
86548203	3
86035103	3
86267903	3
35922607	3
35376905	3
86513202	3
86213903	3
86580512	3
86336303	3
86465103	3
35473008	3
86404603	3
35671708	3
35715708	3
86536803	3
86840702	3
86134703	3
35443706	3
35928506	3
35206106	3
86096203	3
86746902	3
86568702	3
86148803	3
86351003	3
35380808	3
86703402	3
35920107	3
86467703	3
35616607	3
86877302	3
86345503	3
86333003	3
86138203	3
86646202	3
86346903	3
86516516	2
35521906	3
86255903	3
86620902	3
35396205	3
35732907	3
35326207	3
35851102	3
86835802	3
86859802	3
34343434	1
86580503	3
86198003	3
86091603	3
86556966	3
35328307	3
35221907	3
86405102	3
86508002	3
86079803	1
86629802	3
86950402	3
86041603	3
86812402	3
86106403	3
86344403	3
86235623	3
35722606	3
86088903	3
86517302	3
86474403	3
35915207	3
35204106	3
86271303	3
86825302	3
86403401	3
63330125	3
86320903	3
35912807	3
86855102	3
86042703	2
35443806	3
86275003	3
86164203	3
86570903	3
86763402	3
86558203	3
35395307	3
86396803	3
35325707	3
86590902	3
86429566	1
86073603	2
86586703	3
86327103	3
86043540	3
86993902	3
86287903	3
35572907	3
86363403	3
35698206	3
86650703	3
86244003	3
86954102	3
86441002	3
86850802	3
86957202	3
86444102	3
86552211	1
86577302	3
86508302	3
86840602	3
86947002	3
35873106	3
86923807	3
35167107	3
86877402	3
86251403	3
86983402	3
35205107	3
35235607	3
86390903	3
86875602	3
35538707	3
35756706	3
86814502	3
35682507	3
86151903	3
35862907	3
35459406	1
86076303	3
86013903	3
86826302	3
86126903	3
86767702	2
35583208	3
86542803	3
86669102	3
86369803	3
86647302	3
35231908	2
86504002	1
86649602	3
86684330	2
35972306	2
86356666	3
86304303	3
86101203	3
35927206	3
86108403	3
35170207	3
86611499	3
86726502	3
86680802	1
35919207	3
86671302	3
35917407	3
86473703	3
35914507	3
35204907	3
35929306	3
86260503	3
35868905	3
35925606	3
35219607	3
86296103	3
86530203	3
86333503	3
35535908	3
86355903	3
35579707	3
86541303	3
86107903	3
86813902	3
35168209	3
86693503	3
35332707	3
35198206	3
35667708	3
35860607	3
86243903	3
86631303	3
86451302	3
86930002	3
86125903	3
86314303	3
86874702	3
35204306	3
86492403	3
86601603	3
86382603	3
35533708	3
35525105	1
86281403	3
86999802	3
35542207	3
35918107	3
86370903	3
86154003	3
86560703	3
35895699	3
86176103	3
86778902	3
86103803	3
86254802	2
86894602	3
86840302	3
35322206	3
35835306	3
86783002	3
86483703	3
86279203	3
86172803	3
86432603	3
86943702	3
86537002	3
86161303	3
35602107	3
86290403	3
35918707	3
86106001	3
86078903	3
86503103	3
86904502	3
35438006	3
86865846	3
86923502	3
86217503	3
35574807	3
86417901	3
86195803	3
54364364	2
35534308	3
35505060	3
35849607	3
86332603	3
86308803	3
35858407	3
35210506	3
88208503	3
35960806	3
86576303	3
86547302	3
86593602	1
35328407	3
86834902	3
35761408	3
35335007	3
86715582	3
35400308	3
86268103	3
86161703	3
86617402	3
35952605	3
86288503	3
35530908	3
86965401	3
35637708	3
35472707	3
86474003	3
35863907	3
86254503	3
86224303	1
86535403	3
86460003	3
86013303	3
86562002	3
86369103	3
86368103	3
86163203	3
35496305	3
86494500	1
35655808	1
86205803	3
86973302	3
86460202	3
86657003	3
35852107	3
86413698	3
86294703	3
35584108	3
35532008	3
86381402	1
86359101	3
86336403	3
35915807	3
86071903	3
86371202	3
81469500	1
86253103	3
86721602	3
86082703	3
86189103	3
86452403	3
35709306	3
86943502	3
86237503	3
86251717	3
86229503	3
35541907	3
86605902	3
35382608	3
86153303	3
86666403	3
35921407	3
86480603	3
86492202	3
86192903	3
86291503	3
86517403	3
86243003	3
35877605	3
35384308	3
86379032	3
86312508	3
35182407	2
35698605	3
35568907	3
86331444	3
35265007	3
86293903	3
86593202	3
35328007	3
86799602	3
35573500	3
35598508	3
86307803	3
86955204	3
35695506	3
86619003	3
86664202	3
86557402	3
86932700	3
86655002	3
86355703	3
86294003	3
86624303	3
86205503	3
35456789	3
86004503	3
86517603	3
86559404	3
35333307	3
86644603	3
35538607	3
86524202	3
86224903	3
86618503	2
86105403	3
35329207	3
86594402	3
86744302	3
35722507	3
86475203	3
35167207	3
96413164	3
86146703	3
84050410	3
86512303	3
35695206	3
86628402	3
35544706	3
35830807	3
86278603	3
35745804	3
86317502	3
86703002	1
86276903	3
35204607	3
35579307	3
86920185	3
86449903	3
86195603	3
35528708	3
35721607	3
86097103	3
86450501	3
86369603	3
86184603	3
86973002	3
86471703	3
86588888	3
35583608	3
86416103	3
86175703	3
86740402	3
35232407	3
86379103	3
35573707	3
35509806	3
86581003	3
86960902	3
86473801	3
86599103	3
86635003	3
86177603	3
86592602	3
86602103	1
86672402	3
86427203	3
35476308	2
86432803	3
86980502	3
86274503	3
86808902	3
86307203	3
35947107	3
35438106	3
86579902	3
86423103	3
86664602	3
86347103	3
86146303	3
35921607	3
35879308	1
86530294	3
35538307	3
86669302	3
86933602	3
86380703	3
86635303	3
86467903	3
35557905	3
35670008	3
86490103	3
35185107	2
86537202	3
86237903	3
86275803	3
86981802	3
86575102	1
86638302	2
86175503	3
86170403	3
35946108	3
86157903	3
35836606	3
35203007	3
86344903	3
35577307	3
86642702	3
86282703	3
86389103	3
86710102	3
86410803	3
86250501	3
86425203	3
35497207	3
35787787	3
86138682	3
86536702	3
86702202	3
86555503	3
86641603	3
86214147	3
64123124	3
86612203	3
86661902	1
35171808	3
86710202	3
86226203	3
86932202	3
86562603	2
86514403	2
86538303	3
86431903	3
86684003	3
86589902	3
86703102	3
86473903	3
35220406	3
86292702	3
35953605	1
35306305	3
86104400	3
86124203	3
88998889	3
35556864	3
35546861	2
86200403	3
35541807	3
35779006	3
35552107	3
86415003	3
35802805	3
35712807	3
86415203	3
86177403	3
86094903	3
53803624	3
86682402	1
35590106	3
35919007	3
86635702	3
35414704	3
35328707	3
86711202	3
86666402	3
35532507	3
86198103	3
86427902	3
86012103	3
35332007	3
86205603	3
35537807	3
86722302	3
86445903	3
86039203	3
86253303	3
86593903	3
86169503	3
86889988	1
86039503	3
86343503	3
86329903	3
35334007	3
35740707	3
86490403	3
35756806	3
86563003	3
86413503	3
86010403	3
99000697	1
86923802	3
86483903	3
86676502	1
86187303	3
35328808	3
35745704	3
86564702	3
86094302	3
86662003	3
35284306	1
86888777	3
86614503	3
86101403	3
86261803	3
86397802	3
86007503	3
35550607	2
86170603	3
86277003	3
86806202	3
86140403	3
86451603	3
86558003	3
35198306	3
86304603	3
86613702	3
35392506	3
86182703	3
86995102	3
86695803	3
35774505	2
35776607	3
86897002	3
86790602	3
86370803	3
35918007	3
86541514	3
86459703	3
86344703	3
35202607	3
86392101	3
76589652	3
35929206	3
35328107	3
35689505	3
86660702	3
86467803	3
86192503	3
35993706	3
86173903	3
35578007	3
35477906	3
86318902	1
86866548	3
86612205	3
86925302	3
35860407	3
35154408	3
86576703	3
86700803	3
86317103	3
86210703	3
35571906	3
86315204	3
35203107	3
86400403	3
35931106	3
86382502	3
86369903	3
86311503	3
86354203	3
35669408	3
35862307	3
35381908	3
35616407	3
86175603	3
86888888	3
86034503	3
85123656	3
86650403	3
86373203	3
86294804	3
86201903	3
86937202	3
86978902	3
86899002	3
35323307	3
35856407	3
86569603	3
86174803	3
35615607	3
86880802	3
86743602	3
35202006	3
35856907	3
86408903	3
35575607	3
83346458	3
35202106	3
86787502	3
86940002	3
86287403	3
86993402	1
86450003	3
86375802	3
86983202	3
86170803	3
86277203	1
86761502	3
35545806	1
86861202	3
86752402	3
35756406	3
86228803	1
86751502	3
86282103	3
86261312	3
86321003	3
35921007	3
86799402	3
86612303	3
86548202	2
35859107	3
35925406	3
35152807	3
86466403	3
35283407	3
86931549	3
86897802	3
86304205	3
35380708	2
86344503	3
86762802	3
35698506	3
86571111	3
86733602	3
86468403	3
86017603	3
86146606	1
86939202	3
86458700	2
35812907	3
86695303	1
35523908	3
86829702	3
86330303	3
86226603	3
86121254	3
86566102	3
86266803	3
86323603	3
86360303	3
35922806	3
35476508	3
35537208	3
35863207	3
35550307	3
35357408	3
86946102	3
86133703	3
86361003	3
35699006	3
65498461	3
86675502	3
86346803	3
35600203	3
86512356	1
35698306	3
86259874	3
86582601	3
86911702	3
86297903	3
86490802	3
35931606	3
35190206	3
56666666	3
35532406	3
86669502	3
35246407	3
86307603	3
35787106	3
86604203	3
35932006	3
86537203	3
86024103	3
35541607	3
86648202	3
86541802	1
35602306	3
86224407	3
86572003	3
86286204	3
86908502	3
86683302	3
99000266	3
86649903	3
86590203	3
86345203	3
86596903	3
86083803	3
35657506	3
35670408	3
35531108	3
86429703	3
86901202	1
86601903	3
35571107	3
86812802	3
86919202	3
86106803	3
86541503	3
86533303	3
86206103	3
35562102	3
86718302	3
86733102	3
35544606	3
35473308	3
86423203	3
86942902	3
35511163	3
86364603	3
11111111	3
35564707	3
35270908	3
35377308	3
86284402	3
86990401	3
35922207	3
35742007	3
35579607	3
86459302	3
86598202	3
86298903	3
35895106	3
35569507	3
35916307	3
35536100	3
86621302	3
86429503	3
35575007	3
35156208	3
35669308	3
35293708	3
86223803	3
35571207	3
35577407	3
86839402	3
86541102	3
86145103	3
86851102	3
35681707	3
35638706	3
86871502	3
34545635	2
86931200	3
35539107	3
86098303	3
86222803	3
86329203	3
35836006	3
86095903	3
35722107	3
86281303	3
86034103	3
86180200	3
35251406	1
35209307	3
86858902	1
86052603	3
35380208	3
35946908	3
86292303	3
86032956	3
86764902	3
86201727	3
86334503	3
35911708	3
35509108	3
91147175	3
35917907	3
86710902	3
86261303	1
86012003	3
86502303	3
86412203	3
86436103	3
86597802	3
86149203	3
86855202	3
86635402	3
86107703	3
86052103	3
86761202	3
86461903	3
35902707	3
35162507	3
86980702	3
35202407	3
86274703	3
86266703	3
86684702	3
86483803	3
86783102	3
35411507	3
35893006	3
86849402	1
86533403	3
86268903	3
86568202	3
35762305	3
35569406	3
86224403	3
35234408	3
86806402	3
86611999	3
35209708	3
35915707	3
86356603	3
35334707	3
86206203	2
86825603	3
86119604	3
86312503	3
86255203	3
86961202	3
86072003	3
86095003	3
86369887	3
86090303	3
35332207	3
86618203	3
32112316	3
86938901	3
86354503	3
86772402	3
86123003	3
86354603	3
86546503	3
86439902	3
39655969	3
12313213	3
86600403	2
35918407	3
86253703	3
86270803	3
35818007	3
35994107	3
86486303	3
86371303	3
86189104	1
86254403	1
86960402	3
35946608	3
35918207	3
86554502	3
86633003	3
86303301	3
86455103	3
86324703	3
35331007	3
86221403	3
35537408	3
86589901	3
35386705	3
35202707	3
86574302	3
86347302	3
86514102	3
35331107	3
35551007	3
86407903	3
86600802	3
35204707	3
86576403	3
35796107	3
86636102	3
86107303	3
86395403	3
86635503	3
86429203	3
86575702	3
35540007	3
86129703	3
86989502	3
35810806	3
86403503	3
86529603	3
86767402	3
86548802	3
35437705	3
35568507	3
86693303	3
86516511	3
86916902	3
86537702	3
35508108	3
86559602	1
35927106	3
86558702	3
35928206	3
86437303	3
86630202	3
86605203	3
86627702	3
86221503	3
86087103	3
86793102	3
86524003	3
35715808	3
86812202	3
35695806	3
86106203	3
86409003	3
86302603	3
86871302	3
86804802	3
35419206	3
35445707	3
86367003	3
86260603	3
86501603	3
86617903	3
64401250	3
86224404	3
86602702	3
86299703	3
86446803	3
86644890	3
35211009	3
86476102	3
86882802	3
86176803	3
35858405	3
86250403	3
35492006	3
86650603	3
86585403	3
35361307	3
86443003	3
86954202	3
86922302	3
86269702	3
35953805	3
86460703	3
86760002	3
35837406	3
86459402	2
86567402	3
86401603	3
86965121	3
86352803	3
86522603	3
35278108	1
86578002	3
86278703	3
35818005	3
86282003	3
35930906	3
35858307	3
86521603	3
86532003	3
86402403	3
86249403	3
86955402	1
86597003	3
86490603	3
86840902	3
86134903	3
86012403	3
35740704	3
86982602	3
35204307	3
86026503	3
35332807	3
86304602	1
86195503	3
86297003	3
86368403	3
86662502	3
35810606	3
35476107	3
86640303	3
35220306	3
35208807	3
86909502	3
86149303	3
86785102	3
86485803	3
86079103	3
86713203	2
86200103	3
86223003	3
86209603	3
86696802	3
86393002	3
35971206	3
86798302	3
35490808	3
35224806	3
86644987	3
86256103	3
86912133	1
86791902	3
86164703	3
86464002	1
35931706	3
35203906	3
86246803	3
35835206	3
35322106	2
86213803	3
86699602	2
86560903	3
35328907	3
35843007	3
86697702	3
86376103	3
86661314	3
86523002	2
86096803	3
35537607	3
86026903	3
35622870	3
86706602	3
86888999	3
86791802	3
86085803	3
86699302	3
35802205	3
86512203	3
35695106	3
86695302	3
86348803	3
86529302	2
35331607	3
35925206	3
35219207	3
86303402	3
86893002	3
86593703	3
86626502	3
86461203	3
86682102	3
86972302	3
86684203	3
86861502	3
86256200	3
86318003	3
86408203	3
35916107	3
86540603	3
86352103	3
35573307	3
35436008	3
35284207	3
86220903	3
86908702	3
86282403	3
86105900	3
86125703	3
86938102	3
86336103	3
35435908	3
86089003	3
35861107	3
35598008	3
35697806	3
86635002	1
86669602	3
86634702	3
35538305	3
86513602	2
86339602	3
35442306	3
86938902	3
86572303	3
35500007	3
35699906	3
86329403	3
86285503	3
86146903	3
86787802	3
35202406	3
86648602	3
86433603	3
86311003	3
86320703	3
86746802	3
86441003	3
35583408	3
86617002	3
86420503	3
86700503	3
86625003	3
86219101	3
35498807	3
35965406	3
86497502	3
86249303	3
35156609	1
86669903	3
86156803	3
35543207	3
86079903	3
86604903	3
86137903	3
86474303	3
35915107	3
86379203	3
86272803	3
86600102	2
86407203	3
86693102	3
35473208	3
35210706	3
86162403	3
86620176	1
35217907	3
86951102	3
86651803	3
86131200	3
35540907	3
86740002	3
86547103	3
86573603	3
86417554	1
86326403	3
86816002	3
35699606	3
86010102	3
86242703	3
86157803	3
86416603	3
86771802	3
86741402	3
86633803	3
35200809	3
35380908	3
35959807	3
86611408	3
86106503	3
86812502	3
86521703	3
86115003	3
35311408	3
86750502	3
86618402	3
35962308	3
68360803	3
35563308	3
35698406	3
86433402	3
86946502	2
86294103	3
86945402	3
86432302	3
35990607	3
86168303	3
86874302	3
86586603	3
86073503	3
86376802	1
86219703	3
86512103	3
86183703	3
86313003	3
86051403	3
86254564	2
86709802	3
86700702	3
86541403	3
86697602	3
35958307	3
35863107	3
86905202	3
86211002	3
86424803	3
86724102	3
86889802	3
35947308	3
86058203	3
35531308	3
86026703	3
86839102	3
35209907	3
86583002	3
86283703	3
86204203	3
86696302	3
35328807	3
35749808	3
35437806	3
35275408	3
35246007	3
35876805	3
35719705	3
86779302	3
35794106	3
86647902	3
86885602	3
86297103	3
81234567	3
35858907	3
86516602	3
35699706	3
35928106	3
35681206	3
86245803	3
86996602	3
35924306	3
86527602	3
86574903	3
86168203	3
86184003	3
35740407	3
86364703	3
86519802	3
86573103	3
86650002	3
86350703	3
86396603	3
86600202	3
35858607	3
86471802	3
86278903	3
86733802	3
86464502	3
86867802	3
86886767	3
86963102	3
86031202	3
35590507	3
86459503	3
86567502	3
86644203	3
86862036	3
35329407	3
35924506	3
86996802	3
35213507	3
86991802	3
86285803	3
86768902	3
64178125	3
86385703	3
86092903	3
86199303	3
86585202	3
86285903	3
86450689	3
86235903	3
35807508	3
86226303	3
86051703	3
86564803	3
35372205	3
35443606	3
86485502	3
86998602	3
35926306	3
35667808	3
35860707	3
86079303	3
35564807	3
35929806	3
35534108	3
86044303	1
86717902	3
86332503	3
86288695	3
35328308	3
86762202	3
86056203	3
86075203	3
86586302	3
86458702	3
35533008	1
86428503	1
86641403	3
35693907	3
35571307	3
35978605	3
86617603	3
14785236	2
86624003	3
86892302	3
35382108	3
35875405	2
54365107	3
35740607	3
35542607	3
86656802	3
35208307	2
35327907	3
35714507	3
35569906	3
86354303	3
35924106	3
35438306	3
86173803	3
35202307	3
86274603	3
86980602	3
35744208	3
86056204	3
35328507	3
86252256	3
86327703	3
86520602	3
35534208	3
86224803	3
35775307	3
86869802	3
86399401	2
86663703	3
86150603	3
35433207	3
86231403	3
35257206	2
86226103	3
86932102	3
86935202	3
35171908	3
35921907	3
35215908	1
35711207	3
86601503	3
35620133	3
86296403	3
35333107	3
86497602	3
35809907	3
35583708	3
86976502	3
86501703	3
86436702	3
86949802	3
86052848	3
86093903	3
86438202	3
86844902	3
35535808	3
35573407	3
35924606	3
86996902	3
86319603	2
86510651	3
86299802	3
86085002	3
86428803	3
86330804	3
86269803	3
86601203	3
86808802	3
86242658	3
35617207	3
35331707	3
86482502	2
35547106	3
86491103	3
86633102	3
86531903	3
86798902	3
86826102	1
86212803	3
86319203	3
86338403	1
86668302	3
35809807	3
86171111	3
86469502	3
86309303	3
86502202	1
86202903	3
86410203	3
88102533	3
86151603	3
86461603	3
35926406	3
35667908	3
35860807	3
35915007	2
86474203	3
35883923	1
86873402	3
86766602	3
86650803	3
86909102	3
86418102	3
35244306	3
86954645	2
86448703	3
86752602	3
35573207	3
86025803	3
99000578	1
35778906	3
86564302	3
35925906	3
86239901	3
35601206	3
35898307	3
86435954	3
86458803	3
86758102	3
86855002	3
86574503	3
86596403	3
86706802	3
35926806	3
86244302	3
86697802	3
86483403	3
86442903	3
35576807	3
35903808	3
35572807	3
35499007	3
65756464	3
35540807	3
35817007	3
35209807	3
86867902	3
86120203	3
86791502	1
86233303	1
35925506	3
35219507	3
86205303	3
36548741	3
81653336	3
86513302	3
35340506	3
86090103	3
86403403	3
35531007	3
86533302	3
86691603	3
35495507	3
86265202	1
35578107	3
86136703	3
86949102	3
86373303	3
86213103	3
35311706	2
86123046	3
35443506	3
86489602	3
86901602	3
86348303	3
86194603	3
35497107	3
35384208	3
83050410	3
35311108	3
35473408	3
86553087	3
86187503	3
86373803	3
35836706	3
86845002	3
86111303	3
86338503	3
86072903	3
86885302	3
35544107	3
35589906	3
86289403	3
86995402	3
35413207	3
86485503	1
86760102	3
86785478	3
86690201	3
35946807	3
35540607	3
86408603	3
86692502	3
86618103	3
35246307	3
35952306	3
86860319	3
86836002	1
86536703	1
86175303	3
86720102	3
86014103	3
86708002	3
86408703	3
86309203	3
86484503	3
86618602	3
86081403	3
35532908	3
46766774	3
35869905	3
86609103	3
86502703	3
86107901	3
86518202	3
35876606	3
35801606	3
86088103	3
35710707	3
86091702	3
86070903	3
86684403	3
86480403	3
35921207	3
86778802	3
86321478	3
35983105	3
84560209	2
35380008	3
86636902	3
86193903	3
86161403	3
86254603	3
78637900	3
86070803	3
86177203	3
86837602	3
86433503	3
86529802	3
86203103	3
35876605	3
86654984	2
35568878	3
35987806	3
86586909	3
86648635	3
86884202	3
86071803	3
86371102	3
86250003	1
86053103	3
86120403	3
86217903	3
86923902	3
86186503	3
86885402	3
86851002	3
86101503	3
86288888	3
35576907	3
86011803	3
86156903	2
35375707	3
35381008	3
86935402	3
86200503	3
86563103	3
35571707	3
35540307	3
35124600	2
35570906	3
86487403	3
35821807	3
35569307	3
86173203	3
35283507	3
35208407	3
35670608	3
89176300	3
86710802	3
35537608	3
86641903	3
35816707	3
86141403	1
86162303	3
86829602	3
35802605	3
35909005	3
35440106	3
86935702	3
86529002	2
86693802	3
86493802	3
86366203	3
35207007	3
86172903	3
86745802	3
35499207	3
35877705	3
35384408	3
86135303	3
86052903	3
86159303	3
86629902	3
35772208	3
35579407	3
86263603	3
86639402	3
86663802	3
86608202	3
35671608	3
86684103	3
35888404	1
35395107	3
86799502	3
35633004	1
86861702	3
35212206	3
35267708	3
86565402	3
86099103	3
86386303	3
86794302	3
35550407	3
35329107	3
86466903	3
86231486	3
86583202	3
86283903	3
35582508	3
86598017	3
86503102	3
35539807	3
86126303	3
86832302	3
86432403	2
86998902	3
86485802	3
35549906	3
35380308	3
86222403	3
35443306	3
83041310	3
86531702	1
86100103	3
35496807	3
86547121	3
86215303	1
86416403	3
86545475	3
86478402	2
86318403	3
35835906	3
86896602	3
86615003	3
35498607	3
86884802	3
86296002	2
86201102	3
86714202	3
86404703	3
35444308	3
86152303	3
86665403	3
86353403	3
86359603	3
86552502	3
86284203	3
86690903	3
35544007	3
86884702	3
86597602	3
86718003	3
86571903	3
86678303	3
35606007	3
99000926	3
86453503	3
86788787	3
35542907	3
86381703	1
86482103	3
86238703	3
86844502	3
86890802	3
35447507	3
35333507	3
86659002	3
86350803	3
86457203	3
86769402	3
86892102	3
86946802	3
35340606	3
86552002	3
86359103	2
86368803	3
35809607	3
86183603	3
86917902	3
86762102	3
82776787	3
86880902	3
86174903	3
35209007	3
86555103	3
35862507	3
35669608	3
86378803	3
86999999	3
35806008	3
86410703	3
86788702	3
86275602	2
35204506	3
86789902	3
35242106	3
35384808	3
86124003	3
86154515	2
86127103	3
86468603	3
86367103	3
86260703	3
86760202	3
86034400	3
86460903	3
35545506	3
86050703	3
35381408	3
86931502	3
86225503	3
35924206	3
86483402	3
86288603	3
86572903	3
86528903	3
35198706	3
35523708	3
86678803	3
35391007	3
86087403	3
86465703	3
35755720	3
86059003	3
86765002	3
86612502	3
23253625	1
86417603	3
86502903	3
86609303	3
35444006	3
35668108	3
35861007	3
86156403	3
86270903	3
86558602	3
86448702	3
86152403	3
86665503	3
86191003	3
35612004	3
86305582	3
86604103	3
86715102	3
86411808	3
86145603	3
86958002	3
86902602	1
86506603	3
35886705	3
35376708	3
86615803	3
35329707	3
35761904	3
86792102	3
86304203	3
35959606	3
86411303	3
86245203	3
35535608	3
86120171	3
35575507	3
86829102	3
35387107	3
35421007	2
86493303	3
86073403	3
35920907	3
35809507	2
35585455	2
85000472	3
86660102	3
86113603	3
86241303	3
86501403	3
86544103	3
86266704	3
86634303	2
86686702	3
86177703	3
86894202	3
86323803	3
86623102	3
86430999	3
35809707	3
86711602	3
35444206	3
86905502	3
86248803	3
86480303	3
86550702	3
86657102	3
86020903	3
86422503	3
86473813	3
86465803	3
86059103	3
86455303	3
86140003	3
86410603	3
86412803	3
35188608	3
86019203	3
86160103	3
86325703	1
35570807	3
35541407	3
35569707	3
86916702	3
86298603	3
35374006	3
35472807	3
86288803	3
86588102	3
32123116	3
86788502	3
86362503	3
35600207	3
86028203	3
86434903	3
86789654	3
86161503	3
86585503	3
86627502	3
86044103	3
86054803	3
86626603	3
86113503	3
35598208	3
86542121	3
86327403	3
86326703	2
86313103	3
86679802	3
86160803	3
86267203	3
86973202	2
86460102	3
86584002	3
86434703	1
35742507	3
86757002	3
35584308	3
86762902	3
86056903	3
86644503	3
86131403	3
86196293	3
86973602	3
86267603	3
86543203	3
35478206	3
86435903	3
86735202	3
86112403	3
86109103	3
86585902	3
86489202	3
35245307	3
86291803	3
86398203	3
35902607	3
86461803	3
86596803	3
86675402	3
86967702	3
35583201	3
35915307	3
86474503	3
35534008	3
86343803	3
35428207	3
86641103	3
86915702	3
35327207	3
35577607	3
35700708	3
35697706	3
35940406	3
86795223	1
86214103	3
86309502	3
35930806	3
86370703	3
86439803	3
86208303	3
86256604	1
35540507	3
35858707	3
86656803	3
66418603	2
86031002	3
86397502	3
86305603	3
86456503	3
35540407	3
35207206	3
86031703	3
35161508	3
86070703	3
35980706	3
86598103	3
86791002	3
86471003	3
86878866	3
35498407	3
35331307	3
86374303	3
86416213	3
86557702	3
83104104	1
86665602	3
86329303	3
86611503	3
86279103	3
86345403	3
35523808	3
86632902	3
81609280	3
86361703	3
86306403	3
86557803	3
35860507	3
86762002	3
86408103	3
86482903	3
86782202	3
35769906	3
35709007	3
86380803	3
86856402	1
86430403	3
86093003	1
86463102	3
86659003	3
86552603	3
86152603	3
86792402	3
86086403	3
86971802	3
86543303	1
86763200	3
86165498	2
86450503	3
86009403	3
86510403	3
86662103	3
86885502	3
86179503	3
86437203	3
86330803	3
86367303	3
86260903	3
86346603	3
35787206	3
35326707	3
86698302	3
86518602	3
35381508	3
35537508	3
35198006	3
86528203	3
86311903	3
35794105	3
35756906	3
35439506	3
86898966	3
86622903	3
86583203	3
86708102	1
35473708	3
86351321	2
35271708	3
35571007	3
86815402	3
35510853	3
86868902	3
86343103	3
35570907	3
35876405	3
86223103	3
86132103	3
86477803	3
86137403	3
86357301	3
86577203	3
86100303	1
86657103	3
35542307	3
86857602	1
86917602	3
35678901	3
35220408	3
86617203	3
86622803	3
86169103	3
86905881	3
86537103	2
86430703	3
86078403	3
86989602	3
35810906	3
86429303	3
86741852	3
35945808	3
86162503	3
35603307	3
86737602	3
86796102	3
35498707	3
86591103	3
35712805	3
86442703	3
35330807	3
86364003	3
86078003	3
35326507	3
86698102	3
35839607	3
86304903	3
86424003	3
86341903	3
86705102	3
35535408	3
35869305	3
86355403	3
32132132	3
86170170	3
35443406	3
86326103	3
35537707	3
35272906	3
35327007	3
35733707	2
35833008	3
35126003	3
35835108	3
86305503	3
86929602	3
35775608	3
64348474	3
86018503	3
99000581	1
35345208	3
86800602	3
86907002	3
36505058	3
86224703	3
86339803	3
86272003	3
35422508	3
86413103	3
86425603	3
86927102	3
86558800	3
86065503	3
86464603	3
86215703	3
86478502	3
86021003	2
86534103	3
86253603	3
35751107	3
86042303	3
86156503	3
86433003	3
86412403	3
86770702	3
86281903	3
86388303	3
86163403	3
86077703	3
86226503	3
35294808	1
88888888	3
35395207	3
86269903	3
86462802	3
86107803	3
86954002	3
86912402	3
86206403	3
86954302	3
86871902	3
86992702	3
35670108	3
86200147	3
86184503	3
86890502	1
86592002	3
86399103	2
86889602	3
86458730	3
86273403	3
86961802	3
35538507	3
86500103	3
86118903	3
86556623	3
86745002	3
86445703	3
86039003	3
35346108	3
35246907	3
86478302	3
86423003	3
35879407	3
35755704	3
86617702	3
86562203	3
35897007	3
86878999	3
86339603	3
35209107	3
86384602	3
86171703	3
86984102	3
86684803	3
86724702	3
86786302	3
35569407	3
86113403	3
86699702	3
86975632	3
35333707	3
35573507	3
86961102	3
86508896	3
35509807	3
86782802	3
86534603	3
86339703	3
86562303	3
35569806	3
86156203	3
86562903	1
35358207	3
35805908	3
35709206	3
86427903	3
35541207	3
99000869	3
86850502	2
35962408	3
35219007	3
86690902	3
86545025	3
35946008	3
35835106	3
86273103	3
86766502	3
86722902	3
86201456	3
86462002	3
86975102	3
86354903	3
86450329	3
86346703	3
86440103	3
35567807	3
86840402	3
86238203	3
86131803	3
35325107	3
35415306	3
35928406	3
85862805	3
86746402	3
86366503	3
86425303	3
86732302	3
86539403	3
86275903	3
86981902	3
86390303	1
35531808	3
35657008	3
86861802	3
86479202	3
86885902	3
86179903	3
35501707	3
35801006	3
86167303	3
35917207	3
35756206	3
86992020	3
35564907	3
86305303	3
86591602	3
86698002	2
35326407	3
86317003	3
35567307	3
35245207	3
86687203	3
86580803	3
35929406	3
86488602	3
86377903	3
86470203	3
77777888	3
35433706	3
86653802	3
86889704	3
86597702	3
86695002	3
35698006	3
91152395	1
35550007	3
86304103	3
86112703	3
86625803	3
35295606	3
86022703	3
86154504	3
86332903	3
35584008	3
86801302	3
86546803	3
35207306	3
86468003	3
86241403	3
86205903	3
35306407	3
35907606	1
86341103	3
86830502	3
86637603	3
86124503	3
86699202	2
86399903	3
86222003	3
86254803	3
86239303	3
86429103	3
35672207	3
86423202	3
86828502	3
86719603	3
86135203	3
86178003	3
86071603	3
35232306	3
86731402	3
35384508	3
35877805	3
35331207	3
86899999	3
35533608	2
35381808	3
86327203	3
86319103	3
86403303	3
86567802	3
86363703	3
35583508	3
35563705	2
86172003	3
86819202	3
86333603	3
86451002	3
86677002	3
35305506	3
86660902	3
86217703	3
86402219	3
86256666	3
86051503	3
35524907	3
35542707	3
86241003	3
86458903	3
86758202	3
35573007	3
35530507	1
86466503	3
86788202	1
86488903	3
86681802	3
86471403	3
35329907	1
86187403	3
35382208	3
86558103	3
35543007	3
86234251	3
86850202	3
86369303	1
86262903	3
35575908	3
88788556	3
86176003	3
86416002	3
86822702	3
35541107	3
35577807	3
35876305	3
86582702	2
86902102	3
86709203	3
86285303	3
86470002	2
86277103	3
86983102	3
86153003	3
86753202	3
86047203	3
86698848	3
86957601	3
35473808	3
86393003	3
35534508	3
35206806	3
86436003	3
86234354	3
35763005	2
86800002	3
86340303	3
86013803	3
86569602	3
35490408	3
86644502	3
86332803	3
86439203	3
86782150	3
35598708	3
86788302	3
86681902	1
35311208	3
35444106	3
35590006	3
86214204	3
35773705	3
35899107	3
86319303	3
86918502	3
86544802	3
35733007	3
35946808	3
86292203	3
35863007	3
86265103	3
35278706	3
86608903	3
35442706	3
86043903	1
35568207	1
86563303	3
86470202	3
35611707	3
35205007	3
86388313	3
35470208	3
86937302	3
35333207	3
86647502	3
35445408	3
35844507	3
35331407	3
86397203	3
35539806	3
86105503	3
86637602	3
86384002	3
86133203	3
35964807	3
35334307	3
86370103	3
86136820	2
86681402	3
86590303	3
86486903	3
86324803	3
86920902	3
86221203	3
86340903	3
86710602	3
86004603	3
86875402	3
86233703	3
86533002	3
35914407	3
35931506	3
86297803	3
86305803	3
86605102	3
86693203	3
35805508	3
35538306	3
99000276	3
86121003	3
86903702	3
35158908	3
86611903	3
86205203	3
86871802	3
86165803	3
63465378	3
86175103	3
86150210	3
86381803	3
86488203	3
86094703	3
35576507	3
35856307	3
86496102	3
86789402	3
35204006	3
86930102	3
86224103	3
35821207	3
86224483	3
35186508	3
35182507	3
86500003	3
35550207	3
86507302	3
86391003	3
35976306	2
86157503	3
86866602	3
86539903	3
86026803	3
35922107	3
86489502	3
35327107	3
35539907	3
35927406	3
86999702	3
35256007	1
35920407	1
35679303	3
76523458	3
86587603	3
35843107	3
35330007	3
86537502	3
86207803	3
86201715	3
86229802	3
35927006	3
86186903	3
86233003	3
86145703	3
86247903	3
86862015	3
35204406	1
86241203	3
86007703	3
86416803	3
35518006	3
35924706	3
12017757	3
86575003	3
86530502	2
35912707	3
86065203	3
86669803	3
86633202	3
86333903	3
86123503	3
86209402	3
35918307	3
35606306	3
88678886	3
86564802	3
86536592	3
86557503	3
86126003	3
86367102	2
86826002	3
86362203	3
57789586	3
86571003	1
86558403	3
35775708	3
86435445	3
35924806	3
86062800	3
86082603	3
86595868	3
86168578	3
86295203	3
86652701	3
35947908	3
35714304	3
86868102	3
86077603	3
86692602	3
86799002	3
35538407	3
86449603	3
80640410	1
35538907	3
86777778	3
22222222	3
86939001	3
86126602	3
86943602	3
86568502	3
35880907	3
86488303	3
86106911	3
86425103	3
86843302	3
86806902	3
86412103	3
86260303	3
35860307	3
86559702	1
86174303	3
86687403	3
86548103	3
86987102	3
86880702	3
86760246	3
86623002	3
86581502	3
35668008	3
35203606	3
86062101	3
86352303	3
86946402	3
86590503	3
35836406	3
86899160	3
86657503	3
86522703	3
86956002	3
35602206	3
86445013	1
35201106	3
86435923	3
34565465	3
35670308	3
86132015	3
86209502	3
35695306	3
86040203	3
86902202	1
35798007	2
35384708	3
86229803	3
86226803	3
86664503	3
35518906	3
86758802	3
86649902	2
35576407	3
35851105	3
86167803	3
86469203	3
86394602	3
35835406	3
86541322	3
86939502	3
86659203	3
86236523	3
86201203	3
86023003	3
86536103	3
86211903	3
86318303	3
86154603	3
86860602	3
86241703	3
86348103	3
35619706	3
86568403	1
86362303	3
86179004	3
86551202	3
35206706	3
35263208	3
86459003	3
86247803	3
86486603	3
86689902	3
86815874	3
86696103	3
86312102	3
86012803	3
86119203	3
86819050	3
35250706	3
86152203	3
86887302	1
86780902	3
86959802	3
86149503	3
87897551	3
35821107	3
86855902	3
86366703	3
86181403	3
35368806	3
86475903	3
35916707	3
86419303	3
86287303	3
86875302	3
86387302	3
86381403	3
86008503	3
86953202	3
86296603	3
35670708	3
86897902	3
35699806	3
35669708	3
35862607	3
35590607	2
86231803	3
86388846	3
35577107	3
86697902	3
86183903	3
35924006	3
86996302	3
86483202	3
86133903	3
86685602	3
35598608	3
86858602	3
86690102	3
35535108	2
86982702	3
86276703	3
35204407	3
86875200	3
86295003	3
35927906	3
35490305	3
35453906	3
86317803	3
35928006	3
86528103	3
35926006	3
86185903	3
35908305	3
86412303	3
35438406	3
86992902	3
86675664	1
35202206	3
86787602	3
86263503	3
86235103	3
86941102	3
86128303	3
86522303	3
86680602	3
86630402	3
99000717	3
86214856	3
86931002	3
86145646	1
86117203	3
86523903	3
35783207	3
86077403	3
86278503	3
86049703	2
35498907	3
86445803	3
86745102	3
86717003	3
86125603	3
86831602	3
35329607	3
35927806	3
86736102	3
86436803	3
86272804	3
86427703	3
35700107	3
86942202	3
35327205	3
35346008	3
86377702	2
86207003	3
86100603	3
86237702	3
86955202	3
86439503	3
86475103	3
86259503	3
86652502	3
86404302	3
86536403	3
86023303	3
86419003	3
86504102	3
86717903	3
86390041	3
35208907	3
86260403	3
86766002	3
85412312	3
35432107	3
86399603	3
35945507	3
86120603	3
35916207	3
86319903	3
86991102	3
86709702	3
86469903	3
86919002	1
86454502	3
86292100	3
86891302	3
86431803	3
86731102	3
86404403	3
35946907	3
86491403	3
86172604	3
86650303	3
36252343	3
86408403	3
35223007	3
86295303	3
35543907	3
86309202	1
64131634	3
35866408	3
86269503	3
86372303	3
86107403	1
35859007	3
86287603	3
86993602	3
86809202	3
86525703	3
86512003	3
86454603	3
86343703	3
86476503	3
35917307	3
35332107	3
86292803	3
35959607	3
86598302	1
35576307	3
86444803	2
86350603	3
86525303	3
35175303	1
86120103	3
86549403	3
35541307	3
86425703	3
86539103	3
86880002	1
35384608	3
35877905	3
86811010	3
86693803	3
86993102	3
35334507	3
35575407	3
86455203	3
35992607	1
86647002	3
86490710	3
35575107	3
86338903	3
86585003	3
86963302	3
86450202	3
86271203	3
86231703	3
35540508	3
86560503	3
86547902	3
86389503	3
86318402	3
86457802	3
35984406	1
86452702	3
86647203	3
35296606	3
86271903	3
86571202	3
86454003	3
86541103	3
35441806	3
86872102	3
86925802	3
35325507	3
35632506	3
86625103	3
86742702	3
35671508	3
86311442	1
86801702	3
86999102	3
35995006	3
35203806	3
86510903	3
86810202	3
86617303	3
86104203	3
86799802	3
86886902	3
86373802	3
86678402	3
86803401	3
35856607	3
86530002	3
35562415	3
35635808	3
35919407	3
86478603	3
86671502	3
35914307	3
86939402	3
86602902	3
86220603	3
86429903	3
35501007	3
86936902	3
86131603	1
86238003	3
86644703	3
99000584	1
86324503	3
86780002	3
35921507	3
86426503	3
35330907	3
86439603	3
86632502	3
35243007	3
86301403	3
35398808	3
86567603	3
86760502	3
35402208	3
86435987	3
86733202	3
86433903	3
86979002	3
35431708	3
35766608	3
86076503	3
35625207	3
86890402	3
86184403	3
86769902	3
35207406	3
86714802	3
35589806	3
86577402	3
86622902	3
86687503	3
86174403	3
35836206	3
86272603	3
35338407	3
77184608	3
86148303	3
86027303	3
86192403	3
86102627	3
86453403	3
35945707	3
86098203	3
35539007	3
35381208	3
86584503	3
86649303	3
86542903	3
86352002	3
35699506	3
86610202	3
86305403	3
86653002	3
35721207	3
35571515	3
35220906	3
35540008	3
35198406	3
35739006	3
86730602	3
86397103	3
86230003	2
35355608	3
35709606	3
86268802	1
35657308	1
86903202	2
86432000	1
86747102	3
35156509	3
86812548	3
86971700	3
86721903	3
86948983	3
86788602	3
86693403	3
66666666	3
86099903	3
86442603	3
35803005	1
86189105	1
86099102	3
86295503	3
35257107	3
86232503	3
35550006	3
86397009	3
86404902	2
35311607	3
86411103	3
86347108	3
35947208	3
86736703	3
35262506	3
86523502	3
86519003	3
35582408	3
86489102	3
86576203	3
86325403	3
35323207	3
86289803	2
35579905	3
86072100	3
86149803	3
35590206	3
99000579	1
86363303	3
35201006	3
86294603	3
86480003	3
86704802	3
86416703	3
48442343	3
86585100	3
86470103	3
35478306	1
86140653	3
86387503	3
35721907	3
86580402	3
35916407	3
86385803	3
35537907	3
86212452	3
86414589	3
86701802	3
35988206	3
86513203	3
86478803	3
86558303	3
35887676	3
86253203	3
86191603	3
86298003	3
86318203	3
86362403	2
86866202	3
86566903	3
86728002	3
35398306	3
86215403	3
35291906	3
86921402	3
35195308	3
86676102	3
35253207	3
86696202	3
86204405	3
86208503	3
86517902	3
86703202	3
86176503	3
86818602	3
35418707	3
35591607	3
86647202	3
35531008	3
35564607	3
35155107	3
86613102	3
86029903	3
86530803	3
86665702	3
86101603	3
86614703	3
86527703	3
86827002	3
86458703	3
86899889	3
35441206	3
35506006	3
86625816	1
86194003	3
35776306	3
86666603	3
86901402	1
86708503	2
86221803	3
86521102	3
35575307	3
86966102	3
86329703	3
35917007	3
86140503	3
86310203	3
86580702	3
35884106	3
86642902	1
86467802	3
35177507	1
86988101	3
63456345	3
86231302	3
35441907	3
86228103	3
35569607	3
86517502	2
35402308	3
86078703	3
35577007	3
86530503	3
35328207	3
86746502	3
86195703	3
35856507	3
35583108	3
35582608	3
86690802	3
86294803	3
86971902	3
35329507	3
86934002	3
86106931	3
86420302	3
86933402	3
35444306	1
86506202	3
35582705	3
35861207	3
35263108	3
86862566	3
86746002	3
86446703	3
86410103	3
86263403	3
86643803	3
86147203	3
86340102	3
86417802	2
35927706	3
35918507	3
86095403	3
35917607	3
86799302	3
86692902	3
35521307	3
86593603	3
86008003	3
35523603	3
86915802	3
86990602	3
86312103	3
35522856	3
86804602	3
35538207	3
35560708	1
86707502	3
86775602	3
35530907	3
35300607	3
86672202	3
86209602	3
86705002	3
35966906	3
86753402	3
86700102	3
35154206	3
86130503	3
86503203	3
35544207	3
86894156	3
86715502	3
35635908	3
86536303	2
35531208	3
35539707	3
86973502	3
35202907	3
86529502	3
86573702	1
86053003	3
86782140	3
35802905	3
86237203	3
35439406	3
86264103	3
86313703	3
86092803	3
86847902	3
86417703	3
86651402	3
35206206	3
86359003	3
86252603	3
35206306	3
86642102	3
35878605	3
86385503	3
86672702	3
35931406	3
86992302	3
86889797	3
35253008	3
86373903	3
86106903	3
86812902	3
35863407	3
86793302	3
86798702	3
86164303	3
86870302	3
86125803	3
35560608	3
62132312	3
35156107	3
86026603	3
86662302	3
86244503	3
35584806	3
35884105	3
86401903	3
86391025	2
86333703	3
86633002	3
86039403	3
86526702	3
35251307	3
35921807	3
35215808	3
86620177	3
86868002	3
86516409	2
35474407	3
35340607	3
86365703	3
86782602	3
35560808	3
86770202	3
86577303	3
86905402	3
35948108	3
86814602	3
86637502	3
86513003	1
35925706	3
86672302	3
35969406	3
86462103	3
35852008	3
12121255	3
35353712	1
86218703	3
86518002	3
35384108	3
35296107	3
86933302	3
86697518	3
86967902	3
86671603	3
35772508	3
35329307	3
86704702	3
86280603	3
86250303	3
86843502	2
86077903	3
35381608	3
35531408	3
86815202	3
86246603	3
86952602	3
35947408	3
35836506	3
86767602	3
86516502	3
86664203	1
35911608	3
35333407	3
86756602	3
86370203	3
35577507	3
86146403	3
86455503	3
86240002	3
35873607	3
35568807	3
86583702	3
86407803	3
86111703	3
35864306	1
86711902	3
35188806	2
86661402	3
86016203	3
86422903	3
35441906	3
86418803	3
86433703	3
86027003	3
86095103	3
35749708	3
86806982	3
86221603	3
86413303	3
86748302	3
86641902	3
86254003	3
35816607	3
86604803	3
86178603	3
35571407	3
35441706	3
86159903	3
86651103	2
86213503	3
86193603	3
86768602	3
86273303	3
86605802	3
86979302	3
86951500	3
86975402	3
86284103	3
86779802	3
86435435	3
35591407	3
35202306	3
86787702	3
86734501	3
86473803	3
86773102	3
35836106	3
35755705	2
35262408	3
86657203	3
86414603	3
86140303	3
86653403	3
86391803	3
35883917	3
35945908	3
86291303	2
35537206	3
86931402	3
86901102	3
86221903	1
35579507	3
35681406	3
86949502	3
86784151	3
86910004	3
86191803	3
86298203	3
86491102	1
86557903	3
35857207	3
35232307	3
86202103	3
86048203	3
86566202	3
86266903	3
86993802	3
86154303	3
86423403	3
86301303	3
35443106	3
86260103	3
86501303	3
86065603	3
35325207	3
35909806	3
35695906	3
86619403	3
86063503	2
86576603	3
86685802	3
86764402	3
35583008	3
86995002	3
86695703	3
86613602	2
35404007	3
35917107	3
86939702	3
86536603	3
86107103	3
86813102	3
35696706	3
86513803	3
86646805	3
86423903	3
86101303	3
35284206	3
35947508	3
86715202	3
86202503	3
86916802	3
86910800	3
35539607	3
86098803	3
86085303	3
86468740	3
86132803	3
35542107	3
86182003	3
35457807	3
86888812	2
86837502	3
35576707	3
86601103	3
35382008	3
35582808	3
86777502	3
86060301	3
86172303	3
84620800	3
86214203	3
86499026	3
86621002	3
86456603	3
86326303	3
86140103	3
86636702	3
86989402	3
35810706	3
35329807	3
35992907	3
35914207	3
86620170	3
86424203	3
86408502	3
86768802	3
35879607	3
86148703	3
86785502	3
35583308	3
86030802	3
35201406	3
35661008	3
86095603	3
35509046	1
86373103	3
35795207	3
86982502	3
86826402	3
86236981	3
86989702	3
86079703	3
86785702	3
35306208	3
86571403	3
86746302	3
35985005	3
86609203	3
35233108	3
86274203	3
86980202	3
86031000	3
35547006	3
86790502	3
86084503	3
35671008	3
35597908	3
86347803	3
86273603	3
35714407	3
35947106	3
86107503	3
86300402	3
86632602	3
86522722	3
86284902	3
35334407	3
35948008	3
86746202	3
35709506	3
86724402	3
35851207	3
86175903	3
35542407	3
86516302	3
86439999	3
86679602	3
86540703	3
35947805	3
35325807	3
86697402	3
35345678	2
88220303	3
86744902	3
35672507	3
86735702	3
86156456	3
35423602	1
86378402	3
86721702	3
86602302	3
86089103	3
10380626	3
35539908	3
35326107	3
35755708	2
86859600	3
86116103	3
35940907	3
35232908	3
86909202	3
86700002	1
86528003	3
86351303	3
86279003	3
86172603	3
86980102	3
89606548	3
86035612	3
86565502	3
86343903	3
86678902	3
86064602	3
80645605	3
86825602	3
86119603	3
86136503	3
35495707	3
86662402	3
86758702	3
86081103	3
35334607	3
86131703	3
86238103	3
86815702	3
86682602	3
86210402	3
86663903	3
35922606	3
86994902	3
35853406	3
86367803	3
35246207	3
86083203	3
86955899	3
86634203	3
86963402	3
86450302	3
86694702	3
86329503	3
35332907	3
35379708	3
35767363	1
86614903	3
86109003	3
86494703	3
35203706	3
86663402	3
86280103	3
86681302	3
86488403	3
86345303	3
86204403	3
35332607	3
35724106	3
35550507	3
86637402	3
86725502	3
86126516	3
35876505	3
86469002	1
86310303	3
86443103	3
35382508	3
86374203	1
86979502	3
86130500	3
86150303	3
86350403	3
86011403	3
86502701	3
86175905	3
86913702	3
86207703	3
86596003	3
35915907	3
86218303	3
35294806	3
86611409	3
86176603	3
86882602	3
86676002	3
86270003	3
35696006	3
35856807	3
86915902	3
86383843	3
86840502	3
86021603	2
86955702	3
86249703	2
86417503	3
86404303	3
86636302	3
86601003	3
86685902	3
35231505	3
86059603	3
86765602	2
35541707	3
86373003	3
86684303	3
99000582	1
35411306	3
86483602	3
35924406	3
35886808	3
86599903	3
86086803	3
86879502	3
86366402	3
86033903	3
86224504	3
45943280	3
35757405	2
35670808	3
86426802	3
86414103	3
86194503	3
86725802	3
35271008	3
35411707	1
35209207	3
35367407	3
86546871	2
86140603	3
86247003	3
86975202	3
35754605	3
86457002	3
86579800	3
86086503	3
35816609	3
86160003	3
86555203	3
86427803	3
86727102	3
86620702	3
86663603	3
86321654	3
86722802	3
86536003	3
86162603	3
86143203	3
86522025	3
35662906	3
35895451	3
35695406	3
86432003	3
86610230	3
35412107	3
86484403	3
86233203	3
86309803	3
86694002	1
86626003	3
86622003	3
86463003	1
86798102	3
86405903	3
86992102	3
86951502	3
86245503	3
86282803	3
86389203	3
86031603	3
35926906	1
86842002	3
86649103	2
86915402	3
35422506	3
86338703	3
86299903	3
86735802	3
86098902	3
35697906	3
86104303	1
86617403	3
89860985	3
86559902	3
89341354	3
35576607	3
86657301	1
86260803	3
86205003	3
86611703	3
86761402	3
86200203	3
86154545	3
86424903	3
86393403	3
86522403	3
86453802	2
86296503	3
86179003	3
86585703	2
86611403	3
35591507	3
35540308	3
86258603	3
86640102	3
86241503	3
86960102	3
86254103	2
86088703	3
86317002	3
86593804	2
86625102	3
86382503	3
86553803	3
86853102	3
35836306	3
86142303	3
35888888	3
35543306	3
86438702	3
35574907	3
86282903	3
86389303	3
35946708	3
35433608	3
86711302	3
86435913	3
35205207	3
86983502	3
35834974	3
86672602	3
86050603	3
86157003	3
89794092	3
86253803	2
86052803	3
86262002	3
86475803	3
35916607	3
86665402	3
35775208	3
86693902	3
86554603	3
86403203	3
35931306	3
86297603	3
83644856	3
86727502	3
35522208	3
86635506	3
86591703	3
35542807	3
86046203	3
86533502	3
35422406	3
86271803	3
86048461	3
86751402	3
35925306	3
86542203	3
35571507	3
86263803	3
35851104	3
35946408	1
86573003	3
86016103	3
86422803	3
86430409	3
35167006	3
35988106	3
35534408	3
86266802	3
35652105	3
35920607	3
86850602	3
86643203	3
86545203	3
35559856	2
86526502	3
86980002	3
86198803	3
86498102	3
86041003	3
35903006	3
86975302	3
35884005	3
86005803	3
86493903	3
20150907	3
86615402	3
86168103	3
86574803	3
86347603	3
86516515	2
35917507	3
86776002	3
35755606	3
35210007	3
86282303	3
86908802	3
35325307	3
12124555	1
35619906	3
35735007	1
86400303	3
86601403	3
35545708	3
86892402	3
86579002	3
86602602	3
35733207	3
86644303	3
86994402	3
86635203	3
35698106	3
86283603	3
28482001	3
86250503	3
86335302	3
86627202	3
86468203	3
35331907	3
86575903	3
86875202	3
86362102	3
86083801	3
89704235	3
64351325	3
86735602	3
86914902	3
86208903	3
86101003	3
86306203	3
86480103	1
86428903	3
86728202	3
86143803	3
86248403	3
86415303	3
86175403	3
86556802	3
86468802	3
86410302	3
86217403	3
35443906	3
86702602	3
86809002	3
86252103	3
86836702	3
86194803	3
86916102	3
35825707	3
86756902	3
86717703	3
86503003	3
86371603	3
86403103	3
86535103	3
35820160	3
35671408	3
86468303	3
86731602	3
86025603	3
35332507	2
86150403	3
35812108	3
86395203	3
86123403	3
86635603	3
86590802	3
86397903	3
35325607	3
35539307	3
86222503	3
35509008	3
86261103	3
86397003	3
86974602	3
35591107	3
86708602	3
86597421	3
35328208	3
86080303	3
86350705	3
35881405	2
86373603	3
86864902	3
35442806	3
86916002	3
86766302	3
35923706	3
86367903	1
86395003	3
35586805	2
86264301	1
35700006	3
86652003	3
86764002	3
86464703	3
86692003	1
35833508	2
86273203	3
89562846	3
35325907	3
35498307	3
35869005	3
86950114	3
86319703	3
86619002	3
86552987	3
86482602	3
35990707	3
86305003	3
86667402	3
86280303	3
86369003	3
35929906	3
86278803	3
86664702	3
86233103	3
86990502	3
86101502	3
35442906	3
86410646	1
35837506	3
86123603	3
86767502	2
35635608	3
86659702	3
86601303	3
35635708	3
35491008	3
86801402	3
86658002	3
86396303	3
86971602	3
86463702	3
86328503	3
86237403	1
89866091	1
35964406	3
86057603	3
86133103	1
86730202	2
86403502	3
86007603	3
86029103	3
10513241	3
35976108	3
86683102	3
35311507	3
86288203	3
86502203	3
86630302	3
85389151	3
86280503	3
35524508	3
86290003	3
35431508	3
86593102	3
35216008	3
35334706	3
86306503	3
35928706	3
35408206	3
86690702	3
86312703	3
86410503	3
86274403	3
86629503	3
35535208	3
86536503	3
35917707	3
86286203	3
86992202	3
35506606	3
86727902	3
86371002	3
86976302	3
86263203	3
86459403	3
86427403	3
86508902	3
86438802	3
35439906	3
35296207	3
86765802	3
86059803	2
35255806	3
86608902	3
86471803	3
86771102	3
86469803	2
86748602	3
86546603	3
86645002	3
86856802	3
86202303	3
86963702	3
44444444	3
86250603	3
35330107	3
35443206	3
35198106	3
86610303	3
86283403	3
86521403	3
35256207	3
35814808	3
86160203	3
86311403	3
86318703	3
86808102	3
86508803	3
86968542	3
86790802	3
86365402	3
86426103	3
35316706	3
86041403	3
35499807	3
86238004	3
35884205	3
86391103	3
35778405	2
35582908	3
86281203	3
35722007	3
86103303	3
86455003	3
35326307	3
86605002	3
86164103	3
35577907	3
86198903	3
86185203	3
86891202	3
35327807	3
86313303	3
35435808	3
86491303	3
35890505	1
35697606	3
86106103	3
35695706	3
86946002	3
35284007	3
86229903	3
86252003	3
35541007	3
35922407	3
86970902	3
86380203	3
86604403	3
86537402	3
86427501	3
86640203	3
86537603	3
35613105	1
35977507	3
86708603	3
86901502	3
35312907	3
86212303	3
86613503	3
35483406	3
86484803	3
35207106	3
86494202	3
86783502	3
86077503	3
86716552	3
35537308	3
86469302	3
35917807	3
86238104	3
85611212	3
86431003	3
86049903	3
86251003	3
86937002	3
86830602	3
86118103	3
86011703	3
86640402	3
86108161	3
86730702	1
86886402	3
82240245	3
86849902	2
86941002	3
86235003	3
86012503	3
86859602	3
86319288	1
35540707	3
86757602	3
86520170	3
35382907	3
86879002	3
86081303	3
86259103	3
35325407	3
86697002	3
86138303	3
86844302	3
35506110	3
35916907	3
86100203	3
35496907	3
35287508	3
86712002	3
86017803	3
86328903	1
12345678	3
35500907	3
86184303	3
35380108	3
35426107	3
86581403	3
35326907	3
35256607	3
86719602	3
35334107	3
86694602	3
35340106	3
35853206	3
86124703	3
86441303	3
35695606	3
86913901	3
86330603	3
86437003	3
86548403	2
35439606	3
86802902	3
21578977	3
35955606	3
86126203	3
86593803	3
86654646	3
86291709	2
86595102	3
35729006	3
86594156	3
86592103	3
35202807	3
86411203	3
35928306	3
86154784	3
35573607	3
86118003	3
86824002	3
35700808	3
86604602	1
86648402	3
86069102	3
35312407	3
86913902	3
35573107	3
86019103	3
86425803	3
86259403	3
86965402	3
35947608	3
86202003	3
86202203	3
35876705	3
86472803	3
86030000	3
86483503	3
86885702	3
86788002	3
86488703	3
35596506	3
86413603	3
86473103	3
35543807	3
86616502	3
35540107	3
35572707	3
86766402	3
86470602	3
86277703	3
86894702	3
35571607	3
86142403	3
35383908	1
35333907	3
86796702	3
86649003	3
